 <pre>

 Contingency table for Visibility (m)
 Selection: ALL    104 stations
Period: 20211110-20211110
Used {00,06,12} + 00 03 06 09 12 15 18
 Limits    1000.00000       5000.00000       10000.0000       20000.0000    
 Each class is data <= limit, the very last > last limit
 Total number of values        1363
                                     OBSERVATION
                                      2        3        3        0        2 |        10
                                      8       27       14       43      114 |       206
                           REF        0       17        4       21      112 |       154
                                      1        7        7       37      241 |       293
                                      8       24       57      114      497 |       700

                    SUM              19       78       85      215      966 |      1363
                                     OBSERVATION
                                      3        3        2        0        1 |         9
                                      7       26       13       40      111 |       197
                         SAR_2        0       15        4       22      109 |       150
                                      1       10        7       45      311 |       374
                                      8       24       59      108      434 |       633

                    SUM              19       78       85      215      966 |      1363

