 <pre>

 Contingency table for Visibility (m)
 Selection: ALL    104 stations
Period: 20211110-20211130
Used {00,06,12,18} + 00 03 ... 36
 Limits    1000.00000       5000.00000       10000.0000       20000.0000    
 Each class is data <= limit, the very last > last limit
 Total number of values       84517
                                     OBSERVATION
                                    493      421      235      131      244 |      1524
                                    935     4238     2270     2295     5104 |     14842
                           REF      208     1387     1051     1401     4290 |      8337
                                    150      884      971     1985    10689 |     14679
                                    451     3275     4392     7951    29066 |     45135

                    SUM            2237    10205     8919    13763    49393 |     84517
                                     OBSERVATION
                                    476      414      236      130      250 |      1506
                                    944     4161     2247     2334     5210 |     14896
                         SAR_2      197     1398     1033     1304     4246 |      8178
                                    148      837      947     1933    10608 |     14473
                                    472     3395     4456     8062    29079 |     45464

                    SUM            2237    10205     8919    13763    49393 |     84517

