 <pre>

 Contingency table for Visibility (m)
 Selection: ALL    104 stations
Period: 20211110-20211112
Used {00,06,12,18} + 00 03 ... 36
 Limits    1000.00000       5000.00000       10000.0000       20000.0000    
 Each class is data <= limit, the very last > last limit
 Total number of values       10696
                                     OBSERVATION
                                     20       20        8        8       27 |        83
                                     98      407      161      384      966 |      2016
                           REF       35      106       75      219      721 |      1156
                                     23       73      103      269     1597 |      2065
                                     60      215      371      905     3825 |      5376

                    SUM             236      821      718     1785     7136 |     10696
                                     OBSERVATION
                                     17       24        8        9       28 |        86
                                    101      401      166      362      996 |      2026
                         SAR_2       35      111       70      217      708 |      1141
                                     21       63       81      265     1531 |      1961
                                     62      222      393      932     3873 |      5482

                    SUM             236      821      718     1785     7136 |     10696

