 <pre>

 Contingency table for Cloud cover (octas)
 Selection: ALL     79 stations
Period: 20211110-20211130
Used {00,06,12,18} + 03 06 ... 36
 Limits   0.500000000       1.50000000       2.50000000       3.50000000       4.50000000       5.50000000       6.50000000       7.50000000    
 Each class is data <= limit, the very last > last limit
 Total number of values       57300
                                                       OBSERVATION
                                   6185      733      408      336      210      181      271      442     1077 |      9843
                                   1007      171      137      129       92      115       98      212      568 |      2529
                                    583      134      101      103       61       91       87      158      428 |      1746
                                    483      101       65       82       52       82       82      166      404 |      1517
                           REF      451       75       93       84       52       57       99      163      453 |      1527
                                    455       95       78       94       66       87      116      234      455 |      1680
                                    514      115       89       89       80      109      143      264      593 |      1996
                                    826      147      159      138      116      181      231      466     1050 |      3314
                                   3682      785      717      818      733     1194     1869     5163    18187 |     33148

                    SUM           14186     2356     1847     1873     1462     2097     2996     7268    23215 |     57300
                                                       OBSERVATION
                                   6169      741      427      340      225      181      245      463     1094 |      9885
                                   1035      196      125      136       79      109      115      235      587 |      2617
                                    603      134      114      104       61       99       96      178      455 |      1844
                                    507      110       67       82       60       91       79      172      421 |      1589
                         SAR_2      427       79       72       77       62       69       85      178      429 |      1478
                                    432      100       72       93       71       84      105      186      482 |      1625
                                    542       99       93       97       71      104      134      276      588 |      2004
                                    780      154      179      164      110      172      231      430      987 |      3207
                                   3691      743      698      780      723     1188     1906     5150    18172 |     33051

                    SUM           14186     2356     1847     1873     1462     2097     2996     7268    23215 |     57300

