 <pre>

 Contingency table for Visibility (m)
 Selection: ALL    104 stations
Period: 20211110-20211117
Used {00,06,12,18} + 00 03 ... 36
 Limits    1000.00000       5000.00000       10000.0000       20000.0000    
 Each class is data <= limit, the very last > last limit
 Total number of values       32202
                                     OBSERVATION
                                    417      269      164      106      176 |      1132
                                    451     1371      975     1317     3056 |      7170
                           REF       80      234      251      523     2140 |      3228
                                     60      185      383      873     5191 |      6692
                                    124      554     1166     2350     9786 |     13980

                    SUM            1132     2613     2939     5169    20349 |     32202
                                     OBSERVATION
                                    405      276      162      105      181 |      1129
                                    467     1347      976     1310     3106 |      7206
                         SAR_2       81      246      253      509     2103 |      3192
                                     59      174      369      873     5217 |      6692
                                    120      570     1179     2372     9742 |     13983

                    SUM            1132     2613     2939     5169    20349 |     32202

