 <pre>

 Contingency table for Cloud cover (octas)
 Selection: ALL     79 stations
Period: 20211110-20211117
Used {00,06,12,18} + 03 06 ... 36
 Limits   0.500000000       1.50000000       2.50000000       3.50000000       4.50000000       5.50000000       6.50000000       7.50000000    
 Each class is data <= limit, the very last > last limit
 Total number of values       21804
                                                       OBSERVATION
                                   2026      144      118       80       74       52       89      184      230 |      2997
                                    272       59       43       43       30       36       34       79      131 |       727
                                    180       39       30       27       12       18       22       57      113 |       498
                                    113       32       16       35       22       25       27       59      109 |       438
                           REF      125       31       24       30       24       12       37       54      121 |       458
                                    151       46       25       33       34       28       31       72      120 |       540
                                    158       44       24       27       16       41       39       99      152 |       600
                                    271       45       38       43       40       64       78      191      288 |      1058
                                   1524      290      263      330      306      423      672     2403     8277 |     14488

                    SUM            4820      730      581      648      558      699     1029     3198     9541 |     21804
                                                       OBSERVATION
                                   1973      157      120       92       85       50       88      168      223 |      2956
                                    311       66       38       36       25       31       34       86      126 |       753
                                    167       45       37       33       21       23       27       63      107 |       523
                                    137       31       18       28       21       28       25       64      112 |       464
                         SAR_2      127       27       24       29       23       27       28       64       97 |       446
                                    125       31       26       28       24       28       33       66      111 |       472
                                    171       32       28       28       22       35       37      107      150 |       610
                                    274       54       38       45       39       59       66      179      275 |      1029
                                   1535      287      252      329      298      418      691     2401     8340 |     14551

                    SUM            4820      730      581      648      558      699     1029     3198     9541 |     21804

